5
6
10
11
13
14
26
28
34
41
45
56
59
62
68
71
74
77
81
84
88
92
94
97
105
108
112
115
116
124
125
134
135
137
148
149
153
158
161
163
164
170
175
176
178
179
186
196
198
201
205
212
222
224
225
226
233
236
240
241
248
251
254
255
258
260
261
265
270
272
277
281
282
284
289
336
348
367
291
293
297
302
306
312
315
316
317
326
328
346
359
329
349
350
356
373
386
388
394
425
426
427
428
431
437
444
446
453
465
467
469
471
476
483
487
488
489
490
491
506
545
555
492
495
498
499
501
505
507
508
517
520
527
529
536
554
562
539
543
548
553
557
561
562
563
564
570
573
574
577
583
584
590
596
597
602
603
607
611
612
624
631
633
635
638
639
663
664
666
667
670
673
674
675
680
682
684
691
692
699
700
701
706
709
714
715
717
732
737
739
741
745
748
760
762
763
765
768
769
779
788
787
789
791
792
795
796
798
809
852
911
987
818
822
826
827
834
835
840
843
844
846
847
860
867
868
870
871
875
880
883
946
886
889
892
895
909
910
916
918
922
923
927
936
939
941
945
951
955
966
970
971
973
976
980
984
996
997
998
1000
1015
1016
