10
1000
1015
1016
105
108
11
112
112
115
116
124
125
13
134
135
137
14
148
149
153
158
161
163
164
170
175
175
176
178
179
186
186
196
198
201
205
205
212
212
222
224
225
226
233
236
240
241
248
251
254
255
258
26
26
260
261
261
265
265
270
272
277
28
281
282
284
289
291
291
293
297
302
306
312
315
316
316
317
326
328
329
336
34
346
346
348
349
350
356
359
367
373
386
386
388
394
41
425
426
427
428
431
431
437
437
444
446
446
45
453
465
467
469
471
476
476
483
487
488
489
490
491
492
492
495
498
498
499
5
501
505
506
507
508
517
520
527
529
529
536
539
539
543
545
548
553
554
555
557
56
561
562
562
562
563
563
563
564
570
573
574
577
577
583
583
584
59
59
590
596
597
6
602
603
607
611
612
62
624
631
633
635
638
639
663
664
666
667
667
670
673
674
675
68
680
680
682
684
684
691
692
699
700
701
706
709
71
714
715
717
732
737
739
74
741
745
748
760
762
763
763
765
768
769
77
779
787
788
789
791
792
795
796
798
809
81
818
822
826
827
834
835
84
84
840
843
844
846
846
847
852
860
860
867
868
870
871
875
88
88
880
883
883
886
886
889
892
895
909
910
911
916
918
92
92
922
923
927
936
939
94
941
945
946
951
955
966
97
970
971
973
976
980
980
984
987
996
997
998
10
1000
1015
1016
105
108
11
112
112
115
116
124
125
13
134
135
137
14
148
149
153
158
161
163
164
170
175
175
176
178
179
186
186
196
198
201
205
205
212
212
222
224
225
226
233
236
240
241
248
251
254
255
258
26
26
260
261
261
265
265
270
272
277
28
281
282
284
289
291
291
293
297
302
306
312
315
316
316
317
326
328
329
336
34
346
346
348
349
350
356
359
367
373
386
386
388
394
41
425
426
427
428
431
431
437
437
444
446
446
45
453
465
467
469
471
476
476
483
487
488
489
490
491
492
492
495
498
498
499
5
501
505
506
507
508
517
520
527
529
529
536
539
539
543
545
548
553
554
555
557
56
561
562
562
562
563
563
563
564
570
573
574
577
577
583
583
584
59
59
590
596
597
6
602
603
607
611
612
62
624
631
633
635
638
639
663
664
666
667
667
670
673
674
675
68
680
680
682
684
684
691
692
699
700
701
706
709
71
714
715
717
732
737
739
74
741
745
748
760
762
763
763
765
768
769
77
779
787
788
789
791
792
795
796
798
809
81
818
822
826
827
834
835
84
84
840
843
844
846
846
847
852
860
860
867
868
870
871
875
88
88
880
883
883
886
886
889
892
895
909
910
911
916
918
92
92
922
923
927
936
939
94
941
945
946
951
955
966
97
970
971
973
976
980
980
984
987
996
997
998
10
1000
1015
1016
105
108
11
112
112
115
116
124
125
13
134
135
137
14
148
149
153
158
161
163
164
170
175
175
176
178
179
186
186
196
198
201
205
205
212
212
222
224
225
226
233
236
240
241
248
251
254
255
258
26
26
260
261
261
265
265
270
272
277
28
281
282
284
289
291
291
293
297
302
306
312
315
316
316
317
326
328
329
336
34
346
346
348
349
350
356
359
367
373
386
386
388
394
41
425
426
427
428
431
431
437
437
444
446
446
45
453
465
467
469
471
476
476
483
487
488
489
490
491
492
492
495
498
498
499
5
501
505
506
507
508
517
520
527
529
529
536
539
539
543
545
548
553
554
555
557
56
561
562
562
562
563
563
563
564
570
573
574
577
577
583
583
584
59
59
590
596
597
6
602
603
607
611
612
62
624
631
633
635
638
639
663
664
666
667
667
670
673
674
675
68
680
680
682
684
684
691
692
699
700
701
706
709
71
714
715
717
732
737
739
74
741
745
748
760
762
763
763
765
768
769
77
779
787
788
789
791
792
795
796
798
809
81
818
822
826
827
834
835
84
84
840
843
844
846
846
847
852
860
860
867
868
870
871
875
88
88
880
883
883
886
886
889
892
895
909
910
911
916
918
92
92
922
923
927
936
939
94
941
945
946
951
955
966
97
970
971
973
976
980
980
984
987
996
997
998
10
1000
1015
1016
105
108
11
112
112
115
116
124
125
13
134
135
137
14
148
149
153
158
161
163
164
170
175
175
176
178
179
186
186
196
198
201
205
205
212
212
222
224
225
226
233
236
240
241
248
251
254
255
258
26
26
260
261
261
265
265
270
272
277
28
281
282
284
289
291
291
293
297
302
306
312
315
316
316
317
326
328
329
336
34
346
346
348
349
350
356
359
367
373
386
386
388
394
41
425
426
427
428
431
431
437
437
444
446
446
45
453
465
467
469
471
476
476
483
487
488
489
490
491
492
492
495
498
498
499
5
501
505
506
507
508
517
520
527
529
529
536
539
539
543
545
548
553
554
555
557
56
561
562
562
562
563
563
563
564
570
573
574
577
577
583
583
584
59
59
590
596
597
6
602
603
607
611
612
62
624
631
633
635
638
639
663
664
666
667
667
670
673
674
675
68
680
680
682
684
684
691
692
699
700
701
706
709
71
714
715
717
732
737
739
74
741
745
748
760
762
763
763
765
768
769
77
779
787
788
789
791
792
795
796
798
809
81
818
822
826
827
834
835
84
84
840
843
844
846
846
847
852
860
860
867
868
870
871
875
88
88
880
883
883
886
886
889
892
895
909
910
911
916
918
92
92
922
923
927
936
939
94
941
945
946
951
955
966
97
970
971
973
976
980
980
984
987
996
997
998
