                        2
                        5
                        11
                13
                        22
                        24
                        33
                37
                        41
                        46
                        49
                        59
                        68
                        73
                76
                        81
                        83
                        84
                        90
                99
                        108
                        110
                        114
        124
                        125
                        135
                        137
                        139
                        142
                146
                        148
                        149
                        158
                        163
                        170
                179
                        198
                        199
                        200
                        205
                209
                        215
                        216
                        227
                230
                        234
                        237
                        239
                        241
                        251
                253
                        258
                        261
                        265
                        269
                270
                        272
                        277
                        281
                        284
        290
                        293
                        306
                        309
                        311
                314
                        315
                        316
                        326
                        328
                        329
                        332
                334
                        339
                        348
                        350
                357
                        358
                        367
                        382
                        401
                        406
                        408
                423
                        426
                        428
                        431
                        434
                436
                        437
                        451
                        454
        455
                        463
                        472
                        494
                        496
                        498
                        502
                509
                        510
                        511
                        519
                        520
                        521
                528
                        529
                        534
                        536
                        539
                        542
                        543
                544
                        546
                        552
                        563
                567
                        570
                        574
                        577
                        579
                        583
589
                        592
                        597
                        602
                609
                        611
                        613
                        620
                625
                        627
                        629
                        631
                        651
                        661
                        664
                666
                        667
                        671
                        686
                690
                        691
                        692
                        696
                        698
                        699
                        700
        702
                        706
                        707
                        709
                        717
                        722
                        730
                731
                        734
                        738
                        739
                        740
                        748
                756
                        760
                        762
                        763
                        769
                770
                        772
                        774
                        780
                789
                        791
                        794
                        795
                800
                        801
                        802
                        809
                813
                        815
                        817
                        819
                        826
                        834
                        840
        843
                        844
                        859
                        865
                867
                        868
                        871
                        873
                875
                        883
                        889
                        894
                895
                        900
                        909
                        915
                        916
                        939
                        943
                961
                        962
                        964
                        966
                        980
                        990
                        996
        997
                        1000
                        1010
                        1012
                1021
                        1025
                        1026
                        1027
                1037
                        1038
                        1054
                        1058
                        1060
                1069
                        1080
                        1083
                        1084
                1086
                        1091
                        1094
                        1095
                        1098
                1106
                        1108
                        1112
                        1116
        1118
                        1122
                        1123
                        1126
                1137
                        1148
                        1158
                        1159
                        1172
                1176
                        1178
                        1179
                        1185
                1188
                        1189
                        1205
                        1210
                        1218
                        1225
        1231
                        1236
                        1237
                        1241
                1250
                        1256
                        1257
                        1265
                1278
                        1283
                        1289
                        1290
                1301
                        1313
                        1321
                        1328
                        1339
                1348
                        1349
                        1360
                        1366
                1370
                        1380
                        1382
                        1383
                1386
                        1388
                        1397
                        1401
                        1405
1408
                        1409
                        1410
                        1415
                        1418
                1433
                        1435
                        1436
                        1443
                        1449
                1451
                        1456
                        1461
                        1469
                        1470
                        1481
                1482
                        1487
                        1489
                        1490
                        1491
                1492
                        1493
                        1508
                        1509
                1514
                        1515
                        1522
                        1525
                        1530
                        1531
                        1536
                1540
                        1550
                        1551
                        1553
                        1555
                        1567
        1569
                        1572
                        1573
                        1574
                1581
                        1583
                        1586
                        1590
                        1593
                1595
                        1598
                        1601
                        1607
                        1608
                        1613
                        1615
                1616
                        1620
                        1624
                        1627
                        1634
                        1636
                1649
                        1653
                        1657
                        1660
                        1662
        1664
                        1669
                        1680
                        1688
                1689
                        1690
                        1691
                        1704
                        1707
                        1716
                1717
                        1721
                        1723
                        1724
                        1725
                        1732
                        1742
                1745
                        1748
                        1751
                        1756
                1777
                        1780
                        1786
                        1787
        1790
                        1796
                        1803
                        1805
                1807
                        1811
                        1819
                        1820
                1826
                        1831
                        1834
                        1839
                1845
                        1850
                        1851
                        1855
                        1865
        1866
                        1867
                        1868
                        1870
                        1871
                        1878
                        1884
                1885
                        1889
                        1892
                        1901
                        1904
                1910
                        1916
                        1923
                        1926
                1935
                        1940
                        1941
                        1942
                        1946
                        1947
                        1951
        1960
                        1963
                        1965
                        1969
                        1974
                        1975
                        1980
                1984
                        1985
                        1989
                        1991
                1997
                        1998
                        2000
                        2003
                        2017
                        2028
                        2030
                2034
                        2038
                        2040
                        2054
                2055
                        2056
                        2058
                        2062
                        2066
        2070
                        2073
                        2074
                        2083
                        2091
                        2106
                        2110
                2116
                        2123
                        2128
                        2132
                        2136
                        2138
                        2140
                2144
                        2145
                        2151
                        2153
                        2156
                2158
                        2160
                        2163
                        2164
                        2171
                2181
                        2186
                        2191
                        2198
                2199
                        2201
                        2205
                        2206
                        2223
                2233
                        2234
                        2242
                        2244
2248
                        2253
                        2258
                        2260
                        2262
                2264
                        2270
                        2272
                        2273
                2284
                        2286
                        2294
                        2296
                2297
                        2302
                        2306
                        2308
                        2311
        2330
                        2335
                        2350
                        2360
                        2363
                2369
                        2379
                        2380
                        2391
                        2394
                        2397
                        2408
                2409
                        2410
                        2417
                        2419
                2428
                        2434
                        2462
                        2467
        2472
                        2476
                        2479
                        2494
                        2502
                2507
                        2515
                        2520
                        2521
                        2522
                        2524
                2528
                        2530
                        2531
                        2536
                        2538
                2539
                        2540
                        2541
                        2547
                2552
                        2553
                        2565
                        2568
                        2569
                        2570
        2577
                        2596
                        2601
                        2602
                2603
                        2609
                        2610
                        2612
                        2621
                2622
                        2633
                        2637
                        2643
                2645
                        2647
                        2651
                        2652
                        2657
                2663
                        2672
                        2673
                        2681
                        2689
                        2690
                        2695
        2710
                        2711
                        2716
                        2718
                        2721
                        2722
                2726
                        2732
                        2738
                        2742
                2752
                        2762
                        2763
                        2767
                2771
                        2780
                        2782
                        2789
                        2793
                2797
                        2798
                        2806
                        2808
                        2812
                2813
                        2817
                        2827
                        2829
                        2836
                2838
                        2840
                        2845
                        2851
                        2867
        2877
                        2883
                        2888
                        2894
                2895
                        2897
                        2899
                        2902
                        2918
                2919
                        2921
                        2931
                        2934
                        2940
                2944
                        2950
                        2956
                        2958
                        2981
                2984
                        2994
                        2995
                        2998
                        2999
                3001
                        3019
                        3026
                        3028
                        3035
                3037
                        3042
                        3044
                        3049
        3051
                        3052
                        3063
                        3065
                        3072
                        3073
                3075
                        3083
                        3092
                        3094
                        3098
                        3100
                3106
                        3117
                        3123
                        3125
                3143
                        3145
                        3146
                        3149
                3150
                        3153
                        3163
                        3166
                3169
                        3174
                        3179
                        3181
                        3184
                3191
                        3194
                        3198
                        3200
3208
                        3209
                        3216
                        3225
                        3232
                3234
                        3236
                        3239
                        3247
                        3248
                        3250
                3253
                        3260
                        3263
                        3267
                3274
                        3277
                        3280
                        3282
                        3284
                        3294
                        3298
                3304
                        3309
                        3312
                        3315
                        3324
                        3327
        3330
                        3333
                        3337
                        3340
                        3341
                3345
                        3349
                        3350
                        3351
                        3354
                        3363
                3370
                        3378
                        3388
                        3389
                        3399
                        3404
                3412
                        3414
                        3417
                        3432
                3436
                        3446
                        3457
                        3458
                        3460
                        3466
        3483
                        3484
                        3487
                        3491
                3492
                        3496
                        3498
                        3499
                        3501
                3502
                        3503
                        3516
                        3518
                        3519
                3520
                        3525
                        3531
                        3537
                3541
                        3543
                        3545
                        3548
                        3549
                        3559
        3561
                        3564
                        3565
                        3567
                        3569
                        3571
                        3573
                3579
                        3580
                        3581
                        3583
                        3589
                        3603
                3605
                        3607
                        3608
                        3611
                        3616
                        3617
                        3619
                3624
                        3626
                        3632
                        3633
                        3634
                        3635
3636
                        3642
                        3653
                        3655
                3656
                        3662
                        3674
                        3675
                        3678
                3679
                        3684
                        3689
                        3701
                3704
                        3707
                        3711
                        3715
                        3717
                        3724
                3728
                        3733
                        3736
                        3740
                        3744
                        3747
        3750
                        3751
                        3752
                        3754
                        3756
                        3764
                3785
                        3791
                        3793
                        3796
                        3798
                        3801
                3803
                        3809
                        3811
                        3831
                        3834
                        3835
                3839
                        3840
                        3841
                        3858
                        3865
                        3868
                        3870
        3871
                        3877
                        3881
                        3882
                3885
                        3890
                        3894
                        3913
                3914
                        3916
                        3917
                        3924
                        3927
                3931
                        3932
                        3933
                        3936
        3937
                        3938
                        3939
                        3945
                3946
                        3952
                        3954
                        3958
                        3967
                3979
                        3992
                        4000
                        4005
                4007
                        4011
                        4012
                        4022
        4023
                        4027
                        4040
                        4041
                        4042
                4045
                        4047
                        4048
                        4050
                        4052
                4056
                        4058
                        4059
                        4067
                        4068
                        4070
                4079
                        4084
                        4087
                        4091
